CPU NODE SOCKET CORE L1d:L1i:L2:L3 ONLINE    MAXMHZ   MINMHZ       MHZ
  0    0      0    0 0:0:0:0          oui 4500,0000 800,0000 3283,8379
  1    0      0    1 1:1:1:0          oui 4500,0000 800,0000 3731,9570
  2    0      0    2 2:2:2:0          oui 4500,0000 800,0000 3882,1621
  3    0      0    3 3:3:3:0          oui 4500,0000 800,0000 1181,1689
  4    0      0    4 4:4:4:0          oui 4500,0000 800,0000 4446,4409
  5    0      0    5 5:5:5:0          oui 4500,0000 800,0000 1805,6801
  6    0      0    0 0:0:0:0          oui 4500,0000 800,0000 1054,0040
  7    0      0    1 1:1:1:0          oui 4500,0000 800,0000 1572,6920
  8    0      0    2 2:2:2:0          oui 4500,0000 800,0000 2310,8411
  9    0      0    3 3:3:3:0          oui 4500,0000 800,0000 2564,1350
 10    0      0    4 4:4:4:0          oui 4500,0000 800,0000 4463,9238
 11    0      0    5 5:5:5:0          oui 4500,0000 800,0000 1601,1110
